I am using option 3 (FSA table + driver). My FSA table shown below is included in the scanner.c file.


int StateTable[22][24] = {
                                /* 0    1    2    3    4    5    6    7    8    9    10   11   12   13   14   15   16   17   18   19   20   21  22   23 */
                                /* L    D    =    <    >    :    +    -    *    /    &    %    .    (    )    ,    {    }    ;    [    ]    !   WS  EOF */

                                {  1,   2,   3,   4,   5,   6,   7,   8,   9,  10,  11,  12,  13,  14,  15,  16,  17,  18,  19,  20,  21,  -2,   0,  -1}, // 0
                                {  1, 1, 1000, 1000, 1000, 1000, 1000, 1000, 1000, 1000, 1000, 1000, 1000, 1000, 1000, 1000, 1000, 1000, 1000, 1000, 1000, 1000, 1000, 1000}, // 1
                                {1001,   2, 1001, 1001, 1001, 1001, 1001, 1001, 1001, 1001, 1001, 1001, 1001, 1001, 1001, 1001, 1001, 1001, 1001, 1001, 1001, 1001, 1001, 1001}, // 2
                                {1002, 1002, 1003, 1002, 1002, 1002, 1002, 1002, 1002, 1002, 1002, 1002, 1002, 1002, 1002, 1002, 1002, 1002, 1002, 1002, 1002, 1002, 1002, 1002}, // 3
                                {1003, 1003, 1003, 1003, 1003, 1003, 1003, 1003, 1003, 1003, 1003, 1003, 1003, 1003, 1003, 1003, 1003, 1003, 1003, 1003, 1003, 1003, 1003, 1003}, // 4
                                {1004, 1004, 1004, 1004, 1004, 1004, 1004, 1004, 1004, 1004, 1004, 1004, 1004, 1004, 1004, 1004, 1004, 1004, 1004, 1004, 1004, 1004, 1004, 1004}, // 5
                                {1007, 1007, 1007, 1007, 1007, 1007, 1007, 1007, 1007, 1007, 1007, 1007, 1007, 1007, 1007, 1007, 1007, 1007, 1007, 1007, 1007, 1007, 1007, 1007}, // 6
                                {1008, 1008, 1008, 1008, 1008, 1008, 1008, 1008, 1008, 1008, 1008, 1008, 1008, 1008, 1008, 1008, 1008, 1008, 1008, 1008, 1008, 1008, 1008, 1008}, // 7
                                {1009, 1009, 1009, 1009, 1009, 1009, 1009, 1009, 1009, 1009, 1009, 1009, 1009, 1009, 1009, 1009, 1009, 1009, 1009, 1009, 1009, 1009, 1009, 1009}, // 8
                                {1010, 1010, 1010, 1010, 1010, 1010, 1010, 1010, 1010, 1010, 1010, 1010, 1010, 1010, 1010, 1010, 1010, 1010, 1010, 1010, 1010, 1010, 1010, 1010}, // 9
                                {1011, 1011, 1011, 1011, 1011, 1011, 1011, 1011, 1011, 11011, 1011, 1011, 1011, 1011, 1011, 1011, 1011, 1011, 1011, 1011, 1011, 1011, 1011, 1011}, // 10
                                {1012, 1012, 1012, 1012, 1012, 1012, 1012, 1012, 1012, 1012, 1012, 1012, 1012, 1012, 1012, 1012, 1012, 1012, 1012, 1012, 1012, 1012, 1012, 1012}, // 11
                                {1013, 1013, 1013, 1013, 1013, 1013, 1013, 1013, 1013, 1013, 1013, 1013, 1013, 1013, 1013, 1013, 1013, 1013, 1013, 1013, 1013, 1013, 1013, 1013}, // 12
                                {1014, 1014, 1014, 1014, 1014, 1014, 1014, 1014, 1014, 1014, 1014, 1014, 1014, 1014, 1014, 1014, 1014, 1014, 1014, 1014, 1014, 1014, 1014, 1014}, // 13
                                {1015, 1015, 1015, 1015, 1015, 1015, 1015, 1015, 1015, 1015, 1015, 1015, 1015, 1015, 1015, 1015, 1015, 1015, 1015, 1015, 1015, 1015, 1015, 1015}, // 14
                                {1016, 1016, 1016, 1016, 1016, 1016, 1016, 1016, 1016, 1016, 1016, 1016, 1016, 1016, 1016, 1016, 1016, 1016, 1016, 1016, 1016, 1016, 1016, 1016}, // 15
                                {1017, 1017, 1017, 1017, 1017, 1017, 1017, 1017, 1017, 1017, 1017, 1017, 1017, 1017, 1017, 1017, 1017, 1017, 1017, 1017, 1017, 1017, 1017, 1017}, // 16
                                {1018, 1018, 1018, 1018, 1018, 1018, 1018, 1018, 1018, 1018, 1018, 1018, 1018, 1018, 1018, 1018, 1018, 1018, 1018, 1018, 1018, 1018, 1018, 1018}, // 17
                                {1019, 1019, 1019, 1019, 1019, 1019, 1019, 1019, 1019, 1019, 1019, 1019, 1019, 1019, 1019, 1019, 1019, 1019, 1019, 1019, 1019, 1019, 1019, 1019}, // 18
                                {1020, 1020, 1020, 1020, 1020, 1020, 1020, 1020, 1020, 1020, 1020, 1020, 1020, 1020, 1020, 1020, 1020, 1020, 1020, 1020, 1020, 1020, 1020, 1020}, // 19
                                {1021, 1021, 1021, 1021, 1021, 1021, 1021, 1021, 1021, 1021, 1021, 1021, 1021, 1021, 1021, 1021, 1021, 1021, 1021, 1021, 1021, 1021, 1021, 1021}, // 20
                                {1022, 1022, 1022, 1022, 1022, 1022, 1022, 1022, 1022, 1022, 1022, 1022, 1022, 1022, 1022, 1022, 1022, 1022, 1022, 1022, 1022, 1022, 1022, 1022}  // 21
                        };

I have the the driver function named "testScanner" in the testScanner.c file.

			To run program:

			type make, then any of the option below:
                		./scanner [filename without the extension]
                		./scanner < [filename with the extension]
                		./scanner then press enter then type word then press enter

